100
1
20
0
1_alex_v2_4gpu_phantom_start 0 0 0 0 0 0 0 0

1_alex_v2_4gpu_phantom_start/data 0.0 0.0 0.0 0 0 77070336 77070336 0
0
1_alex_v2_4gpu_phantom_start/conv1 1.812372965716375 1.812372965716375 22.89646677960615 0 77070336 95551488 172621824 1
1
1_alex_v2_4gpu_phantom_start/pool1 0.31234645190234034 0.31234645190234034 3.3285024016995637 0 95551488 22151168 117702656 1
2
1_alex_v2_4gpu_phantom_start/conv2 4.437436045867679 4.437436045867679 58.347110649464035 0 22151168 66453504 88604672 0
3
1_alex_v2_4gpu_phantom_start/pool2 0.21355260999589898 0.21355260999589898 2.274760104634232 0 66453504 14155776 80609280 1
4
1_alex_v2_4gpu_phantom_start/conv3 2.0560312586074887 2.0560312586074887 26.997834510887074 0 14155776 28311552 42467328 1
5
1_alex_v2_4gpu_phantom_start/conv4 2.7257771382127625 2.7257771382127625 35.83195872897688 0 28311552 18874368 47185920 0
6
1_alex_v2_4gpu_phantom_start/conv5 1.8334608004751747 1.8334608004751747 24.060307044808113 0 18874368 18874368 37748736 1
7
1_alex_v2_4gpu_phantom_start/pool5 0.05846630090086396 0.05846630090086396 0.622206529956862 0 18874368 3276800 22151168 1
8
1_alex_v2_4gpu_phantom_start/parallel_fc67 0 0 0 0 3276800 0 3276800 1
9
1_alex_v2_4gpu_parallel_fc67/fc6 0.2097543451101815 0.2097543451101815 2.579508042616367 0 0 524288 524288 0
10
1_alex_v2_4gpu_parallel_fc67/dropout6 0.002722994241032371 0.002722994241032371 0.028859717766283217 0 524288 524288 1048576 1
11
1_alex_v2_4gpu_parallel_fc67/concat6 0.0 0.0 0.0 0 524288 2097152 2621440 1
12
1_alex_v2_4gpu_parallel_fc67/fc7 0.1347310621205162 0.1347310621205162 1.6560551840391806 0 2097152 524288 2621440 1
13
1_alex_v2_4gpu_parallel_fc67/dropout7 0.002722994241032371 0.002722994241032371 0.028859717766283217 0 524288 524288 1048576 1
14
1_alex_v2_4gpu_phantom_start/concat7 0.0 0.0 0.0 0 524288 2097152 2621440 1
15
1_alex_v2_4gpu_phantom_start/fc8 0.13170045942758743 0.13170045942758743 1.6185877544040714 0 2097152 512000 2609152 1
16
1_alex_v2_4gpu_phantom_start/softmax 0.0 0.0 0.0 0 512000 512000 1024000 0
17
1_alex_v2_4gpu_phantom_end 0 0 0 0 512000 0 512000 0
18
